n,iterations,jacobi,armadillo
3,8,7.000000000e-05,0.0001600000000
3,8,3.400000000e-05,1.300000000e-05
3,8,3.000000000e-05,3.000000000e-06
4,6,2.500000000e-05,7.000000000e-06
4,6,2.600000000e-05,3.000000000e-06
4,6,2.700000000e-05,3.000000000e-06
5,26,8.800000000e-05,2.200000000e-05
5,26,8.900000000e-05,1.100000000e-05
5,26,8.900000000e-05,8.000000000e-06
6,31,0.0001090000000,1.000000000e-05
6,31,0.0001110000000,9.000000000e-06
6,31,0.0001150000000,1.800000000e-05
7,58,0.0002200000000,2.200000000e-05
7,58,0.0002270000000,3.300000000e-05
7,58,0.0002110000000,1.500000000e-05
8,73,0.0002630000000,3.800000000e-05
8,73,0.0002610000000,1.600000000e-05
8,73,0.0002550000000,1.700000000e-05
9,100,0.0003620000000,2.000000000e-05
9,100,0.0003610000000,2.000000000e-05
9,100,0.0004130000000,3.600000000e-05
10,121,0.0005940000000,4.300000000e-05
10,121,0.0005370000000,4.800000000e-05
10,121,0.0005360000000,5.200000000e-05
11,166,0.0007220000000,5.600000000e-05
11,166,0.0007330000000,3.700000000e-05
11,166,0.0007580000000,5.300000000e-05
12,180,0.0008330000000,4.900000000e-05
12,180,0.0009950000000,6.500000000e-05
12,180,0.0008500000000,6.800000000e-05
13,223,0.001368000000,8.700000000e-05
13,223,0.001257000000,4.900000000e-05
13,223,0.001066000000,7.200000000e-05
14,257,0.001273000000,6.500000000e-05
14,257,0.001367000000,5.500000000e-05
14,257,0.001190000000,6.100000000e-05
15,313,0.001541000000,9.200000000e-05
15,313,0.001812000000,8.100000000e-05
15,313,0.001749000000,8.900000000e-05
16,333,0.002046000000,0.0001020000000
16,333,0.001623000000,6.600000000e-05
16,333,0.001610000000,6.500000000e-05
17,397,0.002009000000,0.0001000000000
17,397,0.002299000000,0.0001190000000
17,397,0.002148000000,0.0001030000000
18,446,0.002516000000,9.300000000e-05
18,446,0.002352000000,7.800000000e-05
18,446,0.002331000000,7.500000000e-05
19,518,0.002827000000,9.100000000e-05
19,518,0.002901000000,9.300000000e-05
19,518,0.002846000000,9.400000000e-05
20,552,0.003650000000,0.0001610000000
20,552,0.003566000000,0.0001360000000
20,552,0.003218000000,0.0001030000000
21,619,0.003723000000,0.0001320000000
21,619,0.003726000000,0.0001500000000
21,619,0.003722000000,0.0001220000000
22,676,0.004176000000,0.0001320000000
22,676,0.004278000000,0.0002190000000
22,676,0.004934000000,0.0001690000000
23,749,0.004967000000,0.0001510000000
23,749,0.004822000000,0.0001400000000
23,749,0.004861000000,0.0001410000000
24,835,0.005655000000,0.0001550000000
24,835,0.005685000000,0.0001600000000
24,835,0.006568000000,0.0001590000000
25,895,0.006335000000,0.0001770000000
25,895,0.006328000000,0.0001690000000
25,895,0.006281000000,0.0001630000000
26,952,0.007903000000,0.0003450000000
26,952,0.007206000000,0.0001450000000
26,952,0.007040000000,0.0001520000000
27,1042,0.007900000000,0.0001570000000
27,1042,0.008497000000,0.0001600000000
27,1042,0.008077000000,0.0001540000000
28,1101,0.008782000000,0.0001700000000
28,1101,0.008719000000,0.0001810000000
28,1101,0.009444000000,0.0001680000000
29,1203,0.009950000000,0.0001810000000
29,1203,0.009874000000,0.0001820000000
29,1203,0.01082500000,0.0001760000000
30,1278,0.01099700000,0.0002140000000
30,1278,0.01097900000,0.0002170000000
30,1278,0.01191900000,0.0001960000000
31,1378,0.01225900000,0.0002180000000
31,1378,0.01327600000,0.0001990000000
31,1378,0.01233100000,0.0001960000000
32,1476,0.01402500000,0.0004510000000
32,1476,0.01374800000,0.0002200000000
32,1476,0.01373000000,0.0002530000000
33,1562,0.01712100000,0.0002790000000
33,1562,0.01657300000,0.0003460000000
33,1562,0.01610100000,0.0002640000000
34,1660,0.01908600000,0.0002860000000
34,1660,0.01738000000,0.0002850000000
34,1660,0.01912200000,0.0002870000000
35,1786,0.02039700000,0.0003170000000
35,1786,0.01933500000,0.0003170000000
35,1786,0.02047600000,0.0003270000000
36,1873,0.02180200000,0.0003270000000
36,1873,0.02100600000,0.0003180000000
36,1873,0.02216200000,0.0003180000000
37,1998,0.02473900000,0.0003570000000
37,1998,0.02477400000,0.0003600000000
37,1998,0.02296300000,0.0006510000000
38,2058,0.02583200000,0.0003860000000
38,2058,0.02557700000,0.0003750000000
38,2058,0.02548500000,0.0004070000000
39,2269,0.02862300000,0.0003930000000
39,2269,0.02891900000,0.0003870000000
39,2269,0.02940200000,0.0004000000000
40,2331,0.03076900000,0.0004370000000
40,2331,0.03052700000,0.0004080000000
40,2331,0.03013300000,0.0004140000000
41,2431,0.03244200000,0.0004790000000
41,2431,0.03236800000,0.0004460000000
41,2431,0.03270600000,0.0004360000000
42,2584,0.03575100000,0.0004770000000
42,2584,0.03586800000,0.0004790000000
42,2584,0.03610900000,0.0004640000000
43,2730,0.03840100000,0.0004900000000
43,2730,0.03833000000,0.0004800000000
43,2730,0.03816200000,0.0004850000000
44,2836,0.04140100000,0.0005020000000
44,2836,0.04092600000,0.0005140000000
44,2836,0.04066500000,0.0004990000000
45,3016,0.04503400000,0.0005390000000
45,3016,0.04464400000,0.0005230000000
45,3016,0.04515000000,0.0005240000000
46,3081,0.04688100000,0.0005580000000
46,3081,0.04752100000,0.0005470000000
46,3081,0.04707300000,0.0005470000000
47,3245,0.05196900000,0.0005930000000
47,3245,0.05085200000,0.0005740000000
47,3245,0.05170400000,0.0005790000000
48,3345,0.05401200000,0.0006080000000
48,3345,0.05435300000,0.0005960000000
48,3345,0.05352000000,0.0005940000000
49,3529,0.05858600000,0.0006080000000
49,3529,0.05889700000,0.0006020000000
49,3529,0.05865900000,0.0006190000000
50,3678,0.06317200000,0.0006620000000
50,3678,0.06281500000,0.0006550000000
50,3678,0.06282000000,0.0006650000000
51,3843,0.06815400000,0.0006260000000
51,3843,0.06693500000,0.0006070000000
51,3843,0.06767400000,0.0006090000000
52,3927,0.07093900000,0.0006460000000
52,3927,0.07121700000,0.0006440000000
52,3927,0.07099400000,0.0006510000000
53,4119,0.07676400000,0.0006720000000
53,4119,0.07638600000,0.0006710000000
53,4119,0.07658300000,0.0006660000000
54,4321,0.08215900000,0.0007080000000
54,4321,0.08220800000,0.0007040000000
54,4321,0.08243500000,0.0007050000000
55,4485,0.08817500000,0.0007320000000
55,4485,0.08789300000,0.0007360000000
55,4485,0.08793100000,0.0007570000000
56,4579,0.09755400000,0.0007770000000
56,4579,0.09252500000,0.0007920000000
56,4579,0.09228800000,0.0007690000000
57,4757,0.09817000000,0.0007950000000
57,4757,0.09782700000,0.0007960000000
57,4757,0.09799700000,0.0007950000000
58,4964,0.1053300000,0.0008180000000
58,4964,0.1047740000,0.0008210000000
58,4964,0.1046010000,0.0008270000000
59,5129,0.1114830000,0.0008690000000
59,5129,0.1161650000,0.0008560000000
59,5129,0.1113490000,0.0008450000000
60,5300,0.1184150000,0.0008740000000
60,5300,0.1174250000,0.0008710000000
60,5300,0.1175620000,0.0008730000000
61,5514,0.1252630000,0.0009260000000
61,5514,0.1250350000,0.0009100000000
61,5514,0.1272820000,0.0009130000000
62,5626,0.1358780000,0.0009430000000
62,5626,0.1308450000,0.0009420000000
62,5626,0.1310910000,0.0009410000000
63,5897,0.1417110000,0.001042000000
63,5897,0.1410920000,0.0009640000000
63,5897,0.1412060000,0.0009670000000
64,6019,0.1477260000,0.001082000000
64,6019,0.1487380000,0.001002000000
64,6019,0.1456760000,0.001013000000
65,6230,0.1541190000,0.001117000000
65,6230,0.1542560000,0.001067000000
65,6230,0.1549150000,0.001076000000
66,6395,0.1629660000,0.001151000000
66,6395,0.1628460000,0.001109000000
66,6395,0.1621610000,0.001101000000
67,6617,0.1727580000,0.001175000000
67,6617,0.1720930000,0.001137000000
67,6617,0.1719310000,0.001140000000
68,6836,0.1830010000,0.001243000000
68,6836,0.1821960000,0.001185000000
68,6836,0.1817620000,0.001177000000
69,7000,0.1908640000,0.001280000000
69,7000,0.1901810000,0.001239000000
69,7000,0.1911300000,0.001231000000
70,7217,0.2016280000,0.001362000000
70,7217,0.2011070000,0.001312000000
70,7217,0.2010690000,0.001309000000
71,7472,0.2127150000,0.001380000000
71,7472,0.2125930000,0.001315000000
71,7472,0.2135370000,0.001329000000
72,7680,0.2243550000,0.001419000000
72,7680,0.2236980000,0.001358000000
72,7680,0.2232130000,0.001357000000
73,7892,0.2366190000,0.001451000000
73,7892,0.2367110000,0.001406000000
73,7892,0.2368120000,0.001396000000
74,8160,0.2495230000,0.001494000000
74,8160,0.2489380000,0.001450000000
74,8160,0.2506820000,0.001455000000
75,8381,0.2625640000,0.001548000000
75,8381,0.2626030000,0.001510000000
75,8381,0.2621740000,0.001527000000
76,8599,0.2746660000,0.001583000000
76,8599,0.2747110000,0.001546000000
76,8599,0.2734660000,0.001626000000
77,8800,0.2889900000,0.001646000000
77,8800,0.2881020000,0.001604000000
77,8800,0.2880790000,0.001603000000
78,8958,0.2989320000,0.001694000000
78,8958,0.2990970000,0.001647000000
78,8958,0.2981090000,0.001641000000
79,9248,0.3156570000,0.001757000000
79,9248,0.3158850000,0.001807000000
79,9248,0.3154730000,0.001722000000
80,9475,0.3277840000,0.001824000000
80,9475,0.3293800000,0.001789000000
80,9475,0.3283680000,0.001791000000
81,9741,0.3467560000,0.001874000000
81,9741,0.3517690000,0.001834000000
81,9741,0.3471290000,0.001843000000
82,10013,0.3639680000,0.001884000000
82,10013,0.3680440000,0.001874000000
82,10013,0.3630480000,0.001863000000
83,10216,0.3836720000,0.001955000000
83,10216,0.3791540000,0.001941000000
83,10216,0.3796560000,0.001929000000
84,10508,0.4004900000,0.002068000000
84,10508,0.3956130000,0.002019000000
84,10508,0.4003650000,0.002047000000
85,10814,0.4177160000,0.002091000000
85,10814,0.4168390000,0.002066000000
85,10814,0.4218310000,0.002066000000
86,11040,0.4337670000,0.002113000000
86,11040,0.4380490000,0.002141000000
86,11040,0.4338740000,0.002090000000
87,11262,0.4565070000,0.002228000000
87,11262,0.4528080000,0.002173000000
87,11262,0.4517280000,0.002110000000
88,11611,0.4763990000,0.002219000000
88,11611,0.4733930000,0.002197000000
88,11611,0.4779040000,0.002198000000
89,11812,0.4963510000,0.002262000000
89,11812,0.5036980000,0.002244000000
89,11812,0.4964290000,0.002243000000
90,11952,0.5112830000,0.002274000000
90,11952,0.5194420000,0.002285000000
90,11952,0.5121110000,0.002270000000
91,12374,0.5472130000,0.002366000000
91,12374,0.5413180000,0.002337000000
91,12374,0.5415170000,0.002327000000
92,12479,0.5595990000,0.002372000000
92,12479,0.5486870000,0.002348000000
92,12479,0.5535040000,0.002356000000
93,12879,0.5801280000,0.002433000000
93,12879,0.5791020000,0.002425000000
93,12879,0.5801120000,0.002426000000
94,13061,0.5985270000,0.002536000000
94,13061,0.5975290000,0.002516000000
94,13061,0.5977780000,0.002515000000
95,13437,0.6272100000,0.002595000000
95,13437,0.6281160000,0.002593000000
95,13437,0.6271960000,0.002593000000
96,13814,0.6546410000,0.002742000000
96,13814,0.6606310000,0.002672000000
96,13814,0.6597730000,0.002663000000
97,13909,0.6727690000,0.002769000000
97,13909,0.6769430000,0.002757000000
97,13909,0.6777050000,0.002755000000
98,14284,0.7040490000,0.002848000000
98,14284,0.7073960000,0.002836000000
98,14284,0.7030100000,0.002831000000
99,14645,0.7336680000,0.002938000000
99,14645,0.7340920000,0.002900000000
99,14645,0.7586410000,0.002886000000
100,14932,0.8072480000,0.003004000000
100,14932,1.009501000,0.005235000000
100,14932,1.249176000,0.006775000000
